1.400 -7.8455201266068935
1.416 -7.847125634812315  
1.432 -7.848627119157427  
1.448 -7.850029023844616  
1.464 -7.851335501841811  
1.480 -7.852550435190146  
1.496 -7.853677454633034  
1.512 -7.854719958736481  
1.528 -7.85568113251433   
1.544 -7.856563965648024  
1.560 -7.857371270304549  
1.576 -7.858105698542349  
1.592 -7.858769759290877  
1.608 -7.859365834781418  
1.624 -7.859896196364856  
1.640 -7.860363019563914  
1.656 -7.860768398219428  
1.672 -7.86111435751424   
1.688 -7.861402865853747  
1.704 -7.8616358452766795 
1.720 -7.861815180413454  
1.736 -7.861942725866552  
1.752 -7.862020311979993  
1.768 -7.8620497490232655 
1.784 -7.862032829860634  
1.800 -7.861971331217752  
1.816 -7.861867013712454  
1.832 -7.861721620833138  
1.848 -7.8615368770714715 
1.864 -7.8613144854265   
1.880 -7.861056124488739  
1.896 -7.860763445296379  
1.912 -7.860438068138179  
1.928 -7.860081579451778  
1.944 -7.859695528929835  
1.960 -7.859281426927325  
1.976 -7.85884074225251   
1.992 -7.8583749002248515 
2.008 -7.857885281397775  
2.024 -7.857373220431142  
2.040 -7.856840005480583  
2.056 -7.856286877923497  
2.072 -7.855715032413975  
2.088 -7.855125617229343  
2.104 -7.854519734871272  
2.120 -7.853898442881306  
2.136 -7.853262754835195  
2.152 -7.852613641481882  
2.168 -7.851952031994364  
2.184 -7.8512788153055135 
2.200 -7.850594841503842  
