1.400 -7.8697799098633086
1.416 -7.871255028397721  
1.432 -7.872622930873895  
1.448 -7.87389000180251   
1.464 -7.875062329365876  
1.480 -7.876145720837112  
1.496 -7.877145716316187  
1.512 -7.878067600792851  
1.528 -7.878916414626561  
1.544 -7.879696962516098  
1.560 -7.8804138210545736 
1.576 -7.88107134500429   
1.592 -7.881673672457169  
1.608 -7.882224729041322  
1.624 -7.882728231403173  
1.640 -7.883187690184257  
1.656 -7.883606412734678  
1.672 -7.883987505816799  
1.688 -7.8843338785144494 
1.704 -7.884648245596709  
1.720 -7.884933131491245  
1.736 -7.88519087502944   
1.752 -7.885423635038286  
1.768 -7.885633396821472  
1.784 -7.885821979513025  
1.800 -7.885991044215165  
1.816 -7.886142102824925  
1.832 -7.886276527391873  
1.848 -7.886395559824051  
1.864 -7.886500321777417  
1.880 -7.886591824554447  
1.896 -7.886670978824512  
1.912 -7.886738604031116  
1.928 -7.886795437377174  
1.944 -7.886842142265389  
1.960 -7.886879316153838  
1.976 -7.886907497918789  
1.992 -7.886927173829545  
2.008 -7.886938784306432  
2.024 -7.886942728635427  
2.040 -7.886939369772153  
2.056 -7.8869290384474935 
2.072 -7.88691203675347   
2.088 -7.886888641258469  
2.104 -7.886859105706907  
2.120 -7.886823663340434  
2.136 -7.886782528896345  
2.152 -7.886735900321669  
2.168 -7.886683960242547  
2.184 -7.886626877221779  
2.200 -7.88656480684782   
