1.400 -7.985746683613077
1.416 -7.987051145873744  
1.432 -7.988238882642384  
1.448 -7.989315853117254  
1.464 -7.990287704808758  
1.480 -7.991159792068835  
1.496 -7.991937193402108  
1.512 -7.992624727634839  
1.528 -7.993226969014918  
1.544 -7.993748261314156  
1.560 -7.994192730999249  
1.576 -7.994564299536281  
1.592 -7.994866694888939  
1.608 -7.99510346226799   
1.624 -7.9952779741862345 
1.640 -7.995393439868296  
1.656 -7.995452914063789  
1.672 -7.995459305307233  
1.688 -7.995415383664456  
1.704 -7.995323788005325  
1.720 -7.995187032836087  
1.736 -7.995007514723668  
1.752 -7.994787518342171  
1.768 -7.994529222168556  
1.784 -7.9942347038514345 
1.800 -7.9939059452788275 
1.816 -7.993544837362138  
1.832 -7.993153184557306  
1.848 -7.99273270914245   
1.864 -7.992285055265426  
1.880 -7.991811792776631  
1.896 -7.9913144208624285 
1.912 -7.990794371489872  
1.928 -7.990253012674737  
1.944 -7.989691651582877  
1.960 -7.989111537475797  
1.976 -7.988513864507743  
1.992 -7.987899774384043  
2.008 -7.987270358886805  
2.024 -7.986626662276534  
2.040 -7.985969683574651  
2.056 -7.985300378734057  
2.072 -7.984619662702923  
2.088 -7.9839284113870095 
2.104 -7.983227463514982  
2.120 -7.982517622412289  
2.136 -7.981799657686377  
2.152 -7.98107430682901   
2.168 -7.980342276737478  
2.184 -7.979604245160202  
2.200 -7.978860862068444  
