1.400 -7.988815883874379
1.416 -7.990130551625878  
1.432 -7.991329034766598  
1.448 -7.992417281918916  
1.464 -7.993400929539844  
1.480 -7.9942853205274185 
1.496 -7.995075521607531  
1.512 -7.995776339580436  
1.528 -7.996392336493043  
1.544 -7.996927843811716  
1.560 -7.997386975658602  
1.576 -7.99777364117924   
1.592 -7.998091556137227  
1.608 -7.9983442535528715 
1.624 -7.99853509404168   
1.640 -7.998667275108976  
1.656 -7.998743840034625  
1.672 -7.9987676861646575 
1.688 -7.998741572665449  
1.704 -7.99866812788387   
1.720 -7.998549856099477  
1.736 -7.998389144026187  
1.752 -7.998188266854223  
1.768 -7.997949393953007  
1.784 -7.99767459424622   
1.800 -7.997365841281837  
1.816 -7.997025018018695  
1.832 -7.996653921346781  
1.848 -7.996254266365795  
1.864 -7.995827690428223  
1.880 -7.995375756971869  
1.896 -7.994899959148471  
1.912 -7.9944017233307365 
1.928 -7.993882412123322  
1.944 -7.993343327831708  
1.960 -7.992785715162472  
1.976 -7.9922107640764395 
1.992 -7.991619612443878  
2.008 -7.991013348568046  
2.024 -7.990393013584252  
2.040 -7.9897596037413425 
2.056 -7.989114072571016  
2.072 -7.9884573329515   
2.088 -7.987790259069813  
2.104 -7.9871136882884155 
2.120 -7.986428422920286  
2.136 -7.985735231916723  
2.152 -7.985034852472424  
2.168 -7.984327991550304  
2.184 -7.983615327331481  
2.200 -7.982897510591692  
