1.400 -7.868566209595212
1.416 -7.869930892938705  
1.432 -7.871187322241322  
1.448 -7.8723431694169514 
1.464 -7.873406260122925  
1.480 -7.874384720265622  
1.496 -7.8752871401618725 
1.512 -7.876122736805288  
1.528 -7.876901466888491  
1.544 -7.877634000897842  
1.560 -7.878331426567639  
1.576 -7.879004557748038  
1.592 -7.879662859167441  
1.608 -7.8803132720718425 
1.624 -7.8809594555694025 
1.640 -7.881601847586131  
1.656 -7.882238490777401  
1.672 -7.882866171064787  
1.688 -7.883481403281521  
1.704 -7.884081051515201  
1.720 -7.884662606128246  
1.736 -7.885224234580597  
1.752 -7.885764717566354  
1.768 -7.886283343592498  
1.784 -7.886779800293392  
1.800 -7.8872540786235845 
1.816 -7.887706394463414  
1.832 -7.888137126976841  
1.848 -7.888546771209331  
1.864 -7.888935902094147  
1.880 -7.889305147314085  
1.896 -7.889655166925987  
1.912 -7.889986638105133  
1.928 -7.890300243753461  
1.944 -7.890596664021796  
1.960 -7.890876570032676  
1.976 -7.8911406192686915 
1.992 -7.891389452224842  
2.008 -7.8916236900234455 
2.024 -7.891843932762686  
2.040 -7.8920507584269695 
2.056 -7.892244722227227  
2.072 -7.892426356271118  
2.088 -7.892596169488153  
2.104 -7.892754647735995  
2.120 -7.8929022540793925 
2.136 -7.893039429155863  
2.152 -7.893166591638949  
2.168 -7.893284138760683  
2.184 -7.893392446881525  
2.200 -7.893491872091764  
