1.400 -7.859442440198875
1.416 -7.861237035456187  
1.432 -7.86292983024085   
1.448 -7.864523971170019  
1.464 -7.866021862188929  
1.480 -7.867425053961406  
1.496 -7.86873411328177   
1.512 -7.869948492186539  
1.528 -7.87106644425123   
1.544 -7.872085077881283  
1.560 -7.8730006784304525 
1.576 -7.873809423208783  
1.592 -7.874508479016227  
1.608 -7.875097197346669  
1.624 -7.875577892384007  
1.640 -7.875955798399109  
1.656 -7.876238260546316  
1.672 -7.876433612454579  
1.688 -7.87655020525302   
1.704 -7.876595801179065  
1.720 -7.876577309507889  
1.736 -7.876500747931315  
1.752 -7.876371317827566  
1.768 -7.876193520380353  
1.784 -7.875971275313191  
1.800 -7.875708026128055  
1.816 -7.875406827368319  
1.832 -7.875070414602701  
1.848 -7.874701259674192  
1.864 -7.874301614091555  
1.880 -7.873873543135718  
1.896 -7.873418952810846  
1.912 -7.872939611305977  
1.928 -7.872437166247377  
1.944 -7.871913158721615  
1.960 -7.871369034790377  
1.976 -7.870806155067483  
1.992 -7.870225802762157  
2.008 -7.869629190521097  
2.024 -7.869017466302131  
2.040 -7.868391718472043  
2.056 -7.867752980271632  
2.072 -7.867102233760907  
2.088 -7.866440413448665  
2.104 -7.865768408987553  
2.120 -7.865087068689101  
2.136 -7.864397201668952  
2.152 -7.86369958031164   
2.168 -7.862994942431037  
2.184 -7.862283993259031  
2.200 -7.861567407281534  
