1.400 -7.872872442827404  
1.416 -7.874425529664159  
1.432 -7.875873508464435  
1.448 -7.877222726463409  
1.464 -7.878479221714449  
1.480 -7.87964873685147   
1.496 -7.880736731408933  
1.512 -7.881748392756371  
1.528 -7.882688645832888  
1.544 -7.883562161819162  
1.560 -7.884373365903086  
1.576 -7.885126444328161  
1.592 -7.8858253509238505 
1.608 -7.886473813271523  
1.624 -7.887075338830031  
1.640 -7.887633220514449  
1.656 -7.88815054350546   
1.672 -7.888630191275131  
1.688 -7.889074852500859  
1.704 -7.889487028303284  
1.720 -7.889869039930374  
1.736 -7.8902230368779   
1.752 -7.890551005401655  
1.768 -7.890854777352438  
1.784 -7.891136039245269  
1.800 -7.891396341455196  
1.816 -7.891637107441314  
1.832 -7.891859642845911  
1.848 -7.892065144556628  
1.864 -7.89225470919289   
1.880 -7.892429341632406  
1.896 -7.892589962390358  
1.912 -7.892737415700935  
1.928 -7.892872475967126  
1.944 -7.892995854242571  
1.960 -7.89310820408123   
1.976 -7.893210126869076  
1.992 -7.893302176659469  
2.008 -7.8933848645270155 
2.024 -7.893458662481426  
2.040 -7.8935240069618775 
2.056 -7.893581301951854  
2.072 -7.893630921745362  
2.088 -7.893673213410017  
2.104 -7.893708499076356  
2.120 -7.893737077419861  
2.136 -7.893759226020109  
2.152 -7.893775202462238  
2.168 -7.893785245784002  
2.184 -7.893789577681678  
2.200 -7.893788403586598  
