1.400 -7.847641822082778  
1.416 -7.849244865671634  
1.432 -7.850741977275127  
1.448 -7.852137619720806  
1.464 -7.853435980248608  
1.480 -7.8546409922840645 
1.496 -7.855756356371064  
1.512 -7.856785560229873  
1.528 -7.85773189798675   
1.544 -7.858598488542268  
1.560 -7.8593882930277115 
1.576 -7.860104131301858  
1.592 -7.860748697424847  
1.608 -7.861324574008222  
1.624 -7.861834245441516  
1.640 -7.862280109568361  
1.656 -7.862664488609715  
1.672 -7.862989638161262  
1.688 -7.863257755097455  
1.704 -7.863470984060626  
1.720 -7.863631422635984  
1.736 -7.863741125285809  
1.752 -7.863802106145281  
1.768 -7.863816340802536  
1.784 -7.863785767196402  
1.800 -7.863712285802311  
1.816 -7.863597759210945  
1.832 -7.863444011287907  
1.848 -7.863252826101558  
1.864 -7.8630259465481   
1.880 -7.862765073056613  
1.896 -7.8624718622561725 
1.912 -7.862147925784509  
1.928 -7.8617948292365   
1.944 -7.861414091331069  
1.960 -7.86100718330017   
1.976 -7.860575528516422  
1.992 -7.860120502364391  
2.008 -7.85964343233576   
2.024 -7.859145598352142  
2.040 -7.858628233281004  
2.056 -7.858092523648907  
2.072 -7.857539610430902  
2.088 -7.856970590144095  
2.104 -7.856386515886183  
2.120 -7.855788398591649  
2.136 -7.85517720801631   
2.152 -7.854553874495656  
2.168 -7.853919289994326  
2.184 -7.853274309582169  
2.200 -7.852619752693282  
