1.400 -7.985776051573692  
1.416 -7.987081407444795  
1.432 -7.988270073524236  
1.448 -7.989348010140525  
1.464 -7.990320866105375  
1.480 -7.991193997094297  
1.496 -7.991972482998987  
1.512 -7.99266114409907   
1.528 -7.993264556165821  
1.544 -7.993787064568414  
1.560 -7.994232797448665  
1.576 -7.994605678029386  
1.592 -7.994909436117292  
1.608 -7.995147618856487  
1.624 -7.995323600788065  
1.640 -7.995440593264882  
1.656 -7.995501653269521  
1.672 -7.995509691679262  
1.688 -7.995467481018303  
1.704 -7.995377662735919  
1.720 -7.995242754044238  
1.736 -7.995065154349398  
1.752 -7.994847151304145  
1.768 -7.99459092650982   
1.784 -7.994298560893273  
1.800 -7.993972039780843  
1.816 -7.993613257689356  
1.832 -7.993224022852999  
1.848 -7.992806061524551  
1.864 -7.9923610220054195 
1.880 -7.991890478506539  
1.896 -7.99139593478498   
1.912 -7.990878827598764  
1.928 -7.990340529985043  
1.944 -7.989782354371247  
1.960 -7.989205555531545  
1.976 -7.988611333395241  
1.992 -7.988000835715163  
2.008 -7.987375160606779  
2.024 -7.986735358959846  
2.040 -7.986082436733918  
2.056 -7.985417357141765  
2.072 -7.984741042725653  
2.088 -7.9840543773316535 
2.104 -7.983358207989568  
2.120 -7.9826533466983935 
2.136 -7.981940572126284  
2.152 -7.981220631298345  
2.168 -7.980494240848293  
2.184 -7.979762088891531  
2.200 -7.979024836140864  
