1.400 -7.985776051423242  
1.416 -7.9870814072847045 
1.432 -7.988270073313895  
1.448 -7.98934800991571   
1.464 -7.990320865908542  
1.480 -7.991193996884235  
1.496 -7.991972482774677  
1.512 -7.9926611438594275 
1.528 -7.993264555909711  
1.544 -7.993787064294602  
1.560 -7.994232797155778  
1.576 -7.994605677715997  
1.592 -7.994909435781837  
1.608 -7.995147618497297  
1.624 -7.9953236004033394 
1.640 -7.995440592852674  
1.656 -7.995501652827748  
1.672 -7.995509691205704  
1.688 -7.9954674805105235 
1.704 -7.995377662191337  
1.720 -7.995242753460081  
1.736 -7.995065153722641  
1.752 -7.994847150631545  
1.768 -7.994590925787919  
1.784 -7.9942985601185566 
1.800 -7.993972038949085  
1.816 -7.993613256796239  
1.832 -7.993224021893564  
1.848 -7.992806060494085  
1.864 -7.992361020898589  
1.880 -7.991890477317349  
1.896 -7.991395933507353  
1.912 -7.990878826225967  
1.928 -7.990340528509854  
1.944 -7.9897823527859   
1.960 -7.989205553827678  
1.976 -7.988611331563991  
1.992 -7.98800083374674   
2.008 -7.987375158490798  
2.024 -7.98673535668523   
2.040 -7.986082434288734  
2.056 -7.985417354513195  
2.072 -7.984741039899823  
2.088 -7.9840543742935015 
2.104 -7.983358204722886  
2.120 -7.982653343186043  
2.136 -7.981940568349615  
2.152 -7.9812206271647215 
2.168 -7.980494236401794  
2.184 -7.979762084108474  
2.200 -7.979024831067959  
