1.400 -7.8476417252181605 
1.416 -7.849244766620599  
1.432 -7.85074187616401   
1.448 -7.852137516693541  
1.464 -7.853435875463138  
1.480 -7.854640885912796  
1.496 -7.855756248600529  
1.512 -7.856785451260125  
1.528 -7.857731788030768  
1.544 -7.858598377823127  
1.560 -7.8593881817771445 
1.576 -7.860104019759402  
1.592 -7.860748585834298  
1.608 -7.8613244626161904 
1.624 -7.861834134437668  
1.640 -7.862279999253933  
1.656 -7.86266437922595   
1.672 -7.862989529942935  
1.688 -7.8632576482709196 
1.704 -7.863470878842144  
1.720 -7.863631319266253  
1.736 -7.863741023919278  
1.752 -7.863802006958722  
1.768 -7.863816243957624  
1.784 -7.863785672841966  
1.800 -7.863712194067376  
1.816 -7.863597670210642  
1.832 -7.863443925121391  
1.848 -7.863252742855625  
1.864 -7.86302586629334   
1.880 -7.862764995848959  
1.896 -7.862471788143386  
1.912 -7.862147854799704  
1.928 -7.8617947614020345 
1.944 -7.861414026658673  
1.960 -7.86100712179202   
1.976 -7.860575470167075  
1.992 -7.860120447158566  
2.008 -7.859643380251395  
2.024 -7.859145549359677  
2.040 -7.858628187344329  
2.056 -7.858092480709843  
2.072 -7.857539570460159  
2.088 -7.8569705530868665 
2.104 -7.856386481670121  
2.120 -7.855788367124626  
2.136 -7.855177179242444  
2.152 -7.854553848357287  
2.168 -7.853919266406066  
2.184 -7.853274288424822  
2.200 -7.852619733861023  
