1.400 -7.8728723604402004 
1.416 -7.874425441891964  
1.432 -7.875873414915606  
1.448 -7.877222626725616  
1.464 -7.878479115352816  
1.480 -7.879648623414403  
1.496 -7.88073661042242   
1.512 -7.881748263727871  
1.528 -7.8826885082530636 
1.544 -7.883562015161538  
1.560 -7.884373209625903  
1.576 -7.885126277878182  
1.592 -7.8858251737356655 
1.608 -7.886473624770834  
1.624 -7.88707513832441   
1.640 -7.887633007520353  
1.656 -7.888150317434712  
1.672 -7.888629951539032  
1.688 -7.889074598512291  
1.704 -7.889486759478686  
1.720 -7.889868755805948  
1.736 -7.890222736774793  
1.752 -7.890550688753816  
1.768 -7.89085444360115   
1.784 -7.891135687838753  
1.800 -7.891395971850011  
1.816 -7.891636719100745  
1.832 -7.89185923525452   
1.848 -7.892064717178248  
1.864 -7.89225426150808   
1.880 -7.892428873006553  
1.896 -7.892589472419377  
1.912 -7.89273690387407   
1.928 -7.892871941774285  
1.944 -7.892995297173111  
1.960 -7.893107623622675  
1.976 -7.893209522643695  
1.992 -7.893301548024293  
2.008 -7.893384210959066  
2.024 -7.893457983451122  
2.040 -7.8935233019322855 
2.056 -7.893580570377757  
2.072 -7.893630163075246  
2.088 -7.893672427081912  
2.104 -7.893707684401105  
2.120 -7.893736233910221  
2.136 -7.893758353080753  
2.152 -7.8937742994813   
2.168 -7.893784312253657  
2.184 -7.893788612855545  
2.200 -7.893787406810701  
