1.400 -7.988815943241692   
1.416 -7.990130612837148   
1.432 -7.991329097897422   
1.448 -7.992417347046807   
1.464 -7.993400996745349   
1.480 -7.994285389894672   
1.496 -7.9950755932230715  
1.512 -7.9957764135343785  
1.528 -7.996392412878336   
1.544 -7.996927922774964   
1.560 -7.997387057253867   
1.576 -7.997773725511429   
1.592 -7.998091643274125   
1.608 -7.998344343645868   
1.624 -7.9985351872083434  
1.640 -7.998667371471039   
1.656 -7.998743939719284   
1.672 -7.998767789303978   
1.688 -7.998741679413846   
1.704 -7.9986682383690875  
1.720 -7.99854997047081   
1.736 -7.998389262412691   
1.752 -7.99818838944279   
1.768 -7.997949520912557   
1.784 -7.997674725752866   
1.800 -7.997365977519332   
1.816 -7.997025159178736   
1.832 -7.996654067629458   
1.848 -7.996254417979956   
1.864 -7.995827847592192   
1.880 -7.995375919913051   
1.896 -7.994900128164004   
1.912 -7.994401898549924   
1.928 -7.993882593864798   
1.944 -7.993343516366678   
1.960 -7.992785910774448   
1.976 -7.992210967061768   
1.992 -7.9916198231124245  
2.008 -7.991013567243787   
2.024 -7.9903932406059885  
2.040 -7.989759839463061   
2.056 -7.989114317363671   
2.072 -7.988457587202744   
2.088 -7.987790523185148   
2.104 -7.987113962692015   
2.120 -7.986428708055909   
2.136 -7.98573552824856   
2.152 -7.985035160486094   
2.168 -7.984328311753757   
2.184 -7.983615660256088   
2.200 -7.982897856793213   
