1.400 -7.859447289215208  
1.416 -7.861242129931334  
1.432 -7.862935263712953  
1.448 -7.864529875023264  
1.464 -7.866028420330983  
1.480 -7.86743252249326   
1.496 -7.868742845440375  
1.512 -7.869958967556177  
1.528 -7.8710792967308585 
1.544 -7.872101110167851  
1.560 -7.87302084308205   
1.576 -7.873834747467934  
1.592 -7.87453992819147   
1.608 -7.875135510688602  
1.624 -7.875623460419886  
1.640 -7.876008638184771  
1.656 -7.876298088173304  
1.672 -7.876499961874136  
1.688 -7.8766225402075944 
1.704 -7.876673593165249  
1.720 -7.8766600802807725 
1.736 -7.876588086230968  
1.752 -7.8764628810605215 
1.768 -7.876289029017282  
1.784 -7.876070504636236  
1.800 -7.875810797702682  
1.816 -7.87551300129381   
1.832 -7.8751798828943755 
1.848 -7.874813940792664  
1.864 -7.874417448647024  
1.880 -7.873992489910138  
1.896 -7.873540986303044  
1.912 -7.873064719324338  
1.928 -7.872565348092147  
1.944 -7.872044423729549  
1.960 -7.8715034011729195 
1.976 -7.870943648978336  
1.992 -7.87036645755202   
2.008 -7.869773046139955  
2.024 -7.869164568822054  
2.040 -7.868542119767768  
2.056 -7.8679067375449545 
2.072 -7.867259409476505  
2.088 -7.866601074980963  
2.104 -7.865932628824059  
2.120 -7.865254924000728  
2.136 -7.86456877434937   
2.152 -7.863874956935805  
2.168 -7.863174214235497  
2.184 -7.862467256141504  
2.200 -7.861754761815583  
