1.400 -7.868644689464821  
1.416 -7.870010847641374  
1.432 -7.871268672626668  
1.448 -7.872425798890981  
1.464 -7.873490000061098  
1.480 -7.874469330458308  
1.496 -7.875372283858867  
1.512 -7.876207951669682  
1.528 -7.876986137118654  
1.544 -7.877717342667695  
1.560 -7.8784125071646995 
1.576 -7.879082370767614  
1.592 -7.879736461188297  
1.608 -7.880381946810786  
1.624 -7.88102283667688   
1.640 -7.88165994333258   
1.656 -7.882291611745421  
1.672 -7.882914811260018  
1.688 -7.883526128300125  
1.704 -7.884122420611054  
1.720 -7.884701129784699  
1.736 -7.885260357829068  
1.752 -7.885798818363184  
1.768 -7.8863157384742415 
1.784 -7.886810752688254  
1.800 -7.887283807437598  
1.816 -7.88773508188971   
1.832 -7.888164925176712  
1.848 -7.888573807844568  
1.864 -7.888962284838533  
1.880 -7.889330967464777  
1.896 -7.889680502348739  
1.912 -7.890011555575538  
1.928 -7.89032480085051   
1.944 -7.890620910657229  
1.960 -7.890900549692107  
1.976 -7.8911643700236445 
1.992 -7.891413007561597  
2.008 -7.891647079525604  
2.024 -7.89186718267582   
2.040 -7.892073892110555  
2.056 -7.892267760600569  
2.072 -7.892449318089104  
2.088 -7.892619071634422  
2.104 -7.89277750546677   
2.120 -7.892925081215374  
2.136 -7.893062238256454  
2.152 -7.893189394149301  
2.168 -7.893306945137855  
2.184 -7.893415266703853  
2.200 -7.893514714153521  
