1.416 -7.990130612837152  
1.432 -7.99132909789743   
1.448 -7.992417347046795  
1.464 -7.993400996745348  
1.480 -7.9942853898946735 
1.496 -7.995075593223069  
1.512 -7.995776413534383  
1.528 -7.996392412878335  
1.544 -7.9969279227749634 
1.560 -7.997387057253865  
1.576 -7.997773725511426  
1.592 -7.998091643274119  
1.608 -7.998344343645881  
1.624 -7.998535187208343  
1.640 -7.998667371471042  
1.656 -7.998743939719288  
1.672 -7.9987677893039795 
1.688 -7.998741679413845  
1.704 -7.9986682383690955 
1.720 -7.998549970470801  
1.736 -7.9983892624126955 
1.752 -7.9981883894427845 
1.768 -7.997949520912555  
1.784 -7.997674725752869  
1.800 -7.997365977519323  
1.816 -7.997025159178731  
1.832 -7.996654067629462  
1.848 -7.996254417979961  
1.864 -7.995827847592191  
1.880 -7.995375919913062  
1.896 -7.994900128164012  
1.912 -7.994401898549924  
1.928 -7.993882593864798  
1.944 -7.993343516366679  
1.960 -7.992785910774437  
1.976 -7.992210967061771  
1.992 -7.991619823112413  
2.008 -7.991013567243784  
2.024 -7.990393240605985  
2.040 -7.989759839463071  
2.056 -7.989114317363679  
2.072 -7.988457587202753  
2.088 -7.98779052318515   
2.104 -7.9871139626920264 
2.120 -7.986428708055901  
2.136 -7.985735528248566  
2.152 -7.985035160486087  
2.168 -7.984328311753755  
2.184 -7.98361566025609   
2.200 -7.982897856793207  
