1.416 -7.861242129931323  
1.432 -7.86293526371296   
1.448 -7.86452987502326   
1.464 -7.866028420331004  
1.480 -7.867432522493284  
1.496 -7.868742845440393  
1.512 -7.869958967556178  
1.528 -7.871079296730876  
1.544 -7.872101110167885  
1.560 -7.873020843082055  
1.576 -7.873834747467925  
1.592 -7.874539928191477  
1.608 -7.875135510688601  
1.624 -7.875623460419871  
1.640 -7.876008638184765  
1.656 -7.8762980881732885 
1.672 -7.87649996187413   
1.688 -7.87662254020759   
1.704 -7.876673593165255  
1.720 -7.876660080280768  
1.736 -7.876588086230979  
1.752 -7.876462881060506  
1.768 -7.876289029017266  
1.784 -7.876070504636217  
1.800 -7.875810797702677  
1.816 -7.875513001293798  
1.832 -7.875179882894356  
1.848 -7.874813940792647  
1.864 -7.874417448647029  
1.880 -7.87399248991012   
1.896 -7.873540986303035  
1.912 -7.873064719324293  
1.928 -7.872565348092117  
1.944 -7.8720444237295215 
1.960 -7.871503401172895  
1.976 -7.870943648978308  
1.992 -7.870366457551996  
2.008 -7.869773046139935  
2.024 -7.869164568822018  
2.040 -7.868542119767733  
2.056 -7.867906737544908  
2.072 -7.86725940947646   
2.088 -7.866601074980899  
2.104 -7.865932628824011  
2.120 -7.865254924000694  
2.136 -7.864568774349308  
2.152 -7.863874956935758  
2.168 -7.863174214235434  
2.184 -7.862467256141438  
2.200 -7.861754761815533  
