1.416 -7.870010847641394  
1.432 -7.871268672626655  
1.448 -7.872425798890965  
1.464 -7.873490000061076  
1.480 -7.874469330458294  
1.496 -7.875372283858858  
1.512 -7.876207951669672  
1.528 -7.876986137118661  
1.544 -7.877717342667692  
1.560 -7.878412507164701  
1.576 -7.8790823707676045 
1.592 -7.879736461188287  
1.608 -7.880381946810782  
1.624 -7.8810228366768635 
1.640 -7.8816599433325685 
1.656 -7.882291611745402  
1.672 -7.882914811260018  
1.688 -7.883526128300131  
1.704 -7.884122420611037  
1.720 -7.884701129784679  
1.736 -7.885260357829061  
1.752 -7.885798818363184  
1.768 -7.886315738474254  
1.784 -7.886810752688257  
1.800 -7.887283807437602  
1.816 -7.887735081889716  
1.832 -7.8881649251767065 
1.848 -7.888573807844567  
1.864 -7.888962284838543  
1.880 -7.889330967464768  
1.896 -7.889680502348722  
1.912 -7.890011555575523  
1.928 -7.8903248008505145 
1.944 -7.890620910657237  
1.960 -7.890900549692106  
1.976 -7.89116437002365   
1.992 -7.891413007561581  
2.008 -7.89164707952558   
2.024 -7.891867182675824  
2.040 -7.89207389211056   
2.056 -7.892267760600548  
2.072 -7.892449318089096  
2.088 -7.892619071634411  
2.104 -7.8927775054667455 
2.120 -7.892925081215343  
2.136 -7.893062238256445  
2.152 -7.8931893941492905 
2.168 -7.893306945137856  
2.184 -7.893415266703832  
2.200 -7.893514714153512  
